  0.3185E-01  0.3503E-01  0.1998E-01  0.2234E-01  0.1272E-01  0.1301E-01
  0.7323E-02  0.5372E-02  0.2051E-02  0.3495E-01  0.2122E-01  0.2073E-01
  0.1362E-01  0.1271E-01  0.8044E-02  0.5917E-02  0.3493E-02  0.1571E-02
  0.2022E-01  0.2086E-01  0.1420E-01  0.1333E-01  0.8738E-02  0.6784E-02
  0.4243E-02  0.3175E-02  0.9855E-03  0.2231E-01  0.1350E-01  0.1292E-01
  0.8753E-02  0.7008E-02  0.4665E-02  0.3526E-02  0.2085E-02  0.7664E-03
  0.1324E-01  0.1215E-01  0.8348E-02  0.6910E-02  0.4752E-02  0.3932E-02
  0.2550E-02  0.2053E-02  0.4609E-03  0.1186E-01  0.7440E-02  0.6102E-02
  0.4335E-02  0.3605E-02  0.2576E-02  0.2000E-02  0.1226E-02  0.3520E-03
  0.6819E-02  0.5671E-02  0.3726E-02  0.3307E-02  0.2193E-02  0.2121E-02
  0.1260E-02  0.1335E-02  0.1288E-03  0.3039E-02  0.1838E-02  0.1392E-02
  0.7887E-03  0.8165E-03  0.4869E-03  0.3766E-03  0.1299E-03  0.1098E-09
  0.7315E+00  0.7298E+00  0.7355E+00  0.7332E+00  0.7396E+00  0.7381E+00
  0.7448E+00  0.7512E+00  0.7477E+00  0.7305E+00  0.7361E+00  0.7357E+00
  0.7418E+00  0.7413E+00  0.7484E+00  0.7573E+00  0.7597E+00  0.7574E+00
  0.7374E+00  0.7365E+00  0.7438E+00  0.7436E+00  0.7531E+00  0.7626E+00
  0.7736E+00  0.7841E+00  0.7722E+00  0.7347E+00  0.7430E+00  0.7439E+00
  0.7538E+00  0.7635E+00  0.7774E+00  0.7863E+00  0.7927E+00  0.7900E+00
  0.7426E+00  0.7438E+00  0.7541E+00  0.7649E+00  0.7804E+00  0.7954E+00
  0.8090E+00  0.8280E+00  0.8098E+00  0.7398E+00  0.7516E+00  0.7617E+00
  0.7797E+00  0.7933E+00  0.8173E+00  0.8215E+00  0.8327E+00  0.8427E+00
  0.7432E+00  0.7559E+00  0.7659E+00  0.7895E+00  0.8009E+00  0.8397E+00
  0.8336E+00  0.8822E+00  0.8293E+00  0.7386E+00  0.7466E+00  0.7558E+00
  0.7619E+00  0.7993E+00  0.8227E+00  0.8591E+00  0.8268E+00  0.2141E+01
  0.2226E+03  0.2248E+03  0.2276E+03  0.2306E+03  0.2344E+03  0.2403E+03
  0.2464E+03  0.2547E+03  0.2773E+03  0.2196E+03  0.2221E+03  0.2254E+03
  0.2284E+03  0.2325E+03  0.2376E+03  0.2431E+03  0.2527E+03  0.2775E+03
  0.2161E+03  0.2183E+03  0.2215E+03  0.2248E+03  0.2287E+03  0.2335E+03
  0.2386E+03  0.2461E+03  0.2779E+03  0.2125E+03  0.2147E+03  0.2172E+03
  0.2210E+03  0.2248E+03  0.2301E+03  0.2349E+03  0.2457E+03  0.2782E+03
  0.2076E+03  0.2090E+03  0.2121E+03  0.2160E+03  0.2196E+03  0.2247E+03
  0.2286E+03  0.2360E+03  0.2788E+03  0.2002E+03  0.2032E+03  0.2064E+03
  0.2108E+03  0.2147E+03  0.2210E+03  0.2247E+03  0.2374E+03  0.2791E+03
  0.1917E+03  0.1953E+03  0.1966E+03  0.2026E+03  0.2039E+03  0.2131E+03
  0.2120E+03  0.2243E+03  0.2807E+03  0.1726E+03  0.1722E+03  0.1719E+03
  0.1717E+03  0.1716E+03  0.1711E+03  0.1707E+03  0.1688E+03  0.6889E+01
