  0.1130E-01  0.7063E-02  0.8034E-02  0.4757E-02  0.5283E-02  0.2944E-02
  0.3100E-02  0.1387E-02  0.9091E-03  0.6954E-02  0.7380E-02  0.5271E-02
  0.5127E-02  0.3567E-02  0.3292E-02  0.2132E-02  0.1744E-02  0.6022E-03
  0.7777E-02  0.5161E-02  0.5201E-02  0.3706E-02  0.3626E-02  0.2442E-02
  0.2186E-02  0.1081E-02  0.6129E-03  0.4474E-02  0.4894E-02  0.3629E-02
  0.3625E-02  0.2631E-02  0.2510E-02  0.1682E-02  0.1415E-02  0.3914E-03
  0.4790E-02  0.3252E-02  0.3387E-02  0.2478E-02  0.2548E-02  0.1755E-02
  0.1679E-02  0.7673E-03  0.3966E-03  0.2516E-02  0.2836E-02  0.2206E-02
  0.2229E-02  0.1732E-02  0.1690E-02  0.1243E-02  0.1075E-02  0.2262E-03
  0.2337E-02  0.1508E-02  0.1851E-02  0.1148E-02  0.1502E-02  0.8162E-03
  0.1123E-02  0.1247E-03  0.2279E-03  0.8486E-03  0.8292E-03  0.5206E-03
  0.4720E-03  0.4039E-03  0.4054E-03  0.2279E-03  0.2261E-03  0.1061E-10
  0.7561E+00  0.7712E+00  0.7660E+00  0.7885E+00  0.7813E+00  0.8099E+00
  0.8000E+00  0.8216E+00  0.7906E+00  0.7754E+00  0.7702E+00  0.7883E+00
  0.7862E+00  0.8081E+00  0.8060E+00  0.8289E+00  0.8258E+00  0.8163E+00
  0.7705E+00  0.7924E+00  0.7906E+00  0.8126E+00  0.8095E+00  0.8351E+00
  0.8255E+00  0.8441E+00  0.8151E+00  0.7975E+00  0.7914E+00  0.8154E+00
  0.8107E+00  0.8378E+00  0.8317E+00  0.8533E+00  0.8457E+00  0.8464E+00
  0.7898E+00  0.8169E+00  0.8147E+00  0.8400E+00  0.8353E+00  0.8636E+00
  0.8495E+00  0.8672E+00  0.8454E+00  0.8230E+00  0.8144E+00  0.8437E+00
  0.8358E+00  0.8692E+00  0.8568E+00  0.8827E+00  0.8650E+00  0.8814E+00
  0.8151E+00  0.8367E+00  0.8423E+00  0.8621E+00  0.8670E+00  0.8899E+00
  0.8815E+00  0.8440E+00  0.8810E+00  0.7885E+00  0.7839E+00  0.8055E+00
  0.7919E+00  0.8532E+00  0.8488E+00  0.8735E+00  0.8649E+00  0.1894E+01
  0.2224E+03  0.2249E+03  0.2284E+03  0.2312E+03  0.2352E+03  0.2388E+03
  0.2438E+03  0.2532E+03  0.2780E+03  0.2197E+03  0.2220E+03  0.2254E+03
  0.2282E+03  0.2322E+03  0.2351E+03  0.2405E+03  0.2426E+03  0.2785E+03
  0.2158E+03  0.2186E+03  0.2220E+03  0.2250E+03  0.2289E+03  0.2327E+03
  0.2380E+03  0.2476E+03  0.2783E+03  0.2124E+03  0.2149E+03  0.2183E+03
  0.2211E+03  0.2251E+03  0.2279E+03  0.2334E+03  0.2345E+03  0.2788E+03
  0.2082E+03  0.2106E+03  0.2150E+03  0.2172E+03  0.2222E+03  0.2250E+03
  0.2316E+03  0.2402E+03  0.2785E+03  0.2027E+03  0.2058E+03  0.2100E+03
  0.2119E+03  0.2171E+03  0.2184E+03  0.2254E+03  0.2250E+03  0.2789E+03
  0.1979E+03  0.1957E+03  0.2068E+03  0.2016E+03  0.2150E+03  0.2097E+03
  0.2245E+03  0.2252E+03  0.2785E+03  0.1708E+03  0.1711E+03  0.1705E+03
  0.1712E+03  0.1710E+03  0.1713E+03  0.1709E+03  0.1714E+03  0.1306E+02
