  0.6848E-02  0.3709E-02  0.3187E-02  0.2912E-02  0.2913E-02  0.3125E-02
  0.3423E-02  0.3792E-02  0.5261E-02
  0.1804E+00  0.1955E+00  0.2002E+00  0.2022E+00  0.2028E+00  0.2028E+00
  0.2005E+00  0.1948E+00  0.1713E+00
  0.2374E+00  0.2677E+00  0.2759E+00  0.2763E+00  0.2760E+00  0.2737E+00
  0.2552E+00  0.2457E+00  0.2162E+00
  0.2721E+00  0.3087E+00  0.3199E+00  0.3193E+00  0.3176E+00  0.3143E+00
  0.2857E+00  0.2760E+00  0.2431E+00
  0.2994E+00  0.3396E+00  0.3527E+00  0.3524E+00  0.3484E+00  0.3441E+00
  0.3093E+00  0.2974E+00  0.2607E+00
  0.3210E+00  0.3647E+00  0.3783E+00  0.3786E+00  0.3745E+00  0.3609E+00
  0.3262E+00  0.3141E+00  0.2766E+00
  0.3362E+00  0.3843E+00  0.3944E+00  0.4006E+00  0.3931E+00  0.3767E+00
  0.3404E+00  0.3278E+00  0.2893E+00
  0.3452E+00  0.3516E+00  0.3790E+00  0.1996E+00  0.3844E+00  0.3906E+00
  0.3790E+00  0.3399E+00  0.2979E+00
  0.9898E+00  0.1111E+01  0.1067E+01  0.1039E+01  0.1037E+01  0.1068E+01
  0.1087E+01  0.1082E+01  0.9928E+00
  0.1321E+01  0.1267E+01  0.1278E+01  0.1279E+01  0.1276E+01  0.1277E+01
  0.1275E+01  0.1270E+01  0.1311E+01
  0.1470E+01  0.1419E+01  0.1422E+01  0.1422E+01  0.1420E+01  0.1414E+01
  0.1382E+01  0.1376E+01  0.1403E+01
  0.1589E+01  0.1533E+01  0.1545E+01  0.1546E+01  0.1539E+01  0.1529E+01
  0.1472E+01  0.1450E+01  0.1477E+01
  0.1696E+01  0.1637E+01  0.1652E+01  0.1649E+01  0.1643E+01  0.1626E+01
  0.1547E+01  0.1515E+01  0.1544E+01
  0.1788E+01  0.1727E+01  0.1749E+01  0.1745E+01  0.1732E+01  0.1698E+01
  0.1621E+01  0.1585E+01  0.1615E+01
  0.1861E+01  0.1799E+01  0.1803E+01  0.1814E+01  0.1799E+01  0.1757E+01
  0.1677E+01  0.1647E+01  0.1686E+01
  0.1902E+01  0.1759E+01  0.1799E+01  0.1670E+01  0.1804E+01  0.1801E+01
  0.1763E+01  0.1696E+01  0.1736E+01
  0.1927E+03  0.1915E+03  0.1926E+03  0.2008E+03  0.2866E+03  0.3408E+03
  0.3475E+03  0.3493E+03  0.3482E+03
  0.1208E+03  0.9943E+02  0.9487E+02  0.9177E+02  0.8904E+02  0.8670E+02
  0.8365E+02  0.7881E+02  0.5984E+02
  0.1230E+03  0.1006E+03  0.9543E+02  0.9168E+02  0.8837E+02  0.8455E+02
  0.8156E+02  0.7709E+02  0.5778E+02
  0.1232E+03  0.1016E+03  0.9533E+02  0.9122E+02  0.8725E+02  0.8224E+02
  0.7975E+02  0.7613E+02  0.5697E+02
  0.1226E+03  0.1017E+03  0.9507E+02  0.9056E+02  0.8599E+02  0.8052E+02
  0.7795E+02  0.7491E+02  0.5645E+02
  0.1215E+03  0.1018E+03  0.9496E+02  0.8984E+02  0.8478E+02  0.7911E+02
  0.7625E+02  0.7331E+02  0.5650E+02
  0.1202E+03  0.1009E+03  0.9418E+02  0.8974E+02  0.8439E+02  0.7799E+02
  0.7442E+02  0.7161E+02  0.5615E+02
  0.1185E+03  0.9994E+02  0.9216E+02  0.9038E+02  0.8748E+02  0.8008E+02
  0.7522E+02  0.7192E+02  0.5682E+02
