  0.6848E-02  0.3709E-02  0.3187E-02  0.2912E-02  0.2913E-02  0.3125E-02
  0.3423E-02  0.3792E-02  0.5261E-02  0.1804E+00  0.1955E+00  0.2002E+00
  0.2022E+00  0.2028E+00  0.2028E+00  0.2005E+00  0.1948E+00  0.1713E+00
  0.2374E+00  0.2677E+00  0.2759E+00  0.2763E+00  0.2760E+00  0.2737E+00
  0.2552E+00  0.2457E+00  0.2162E+00  0.2721E+00  0.3087E+00  0.3199E+00
  0.3193E+00  0.3176E+00  0.3143E+00  0.2857E+00  0.2760E+00  0.2431E+00
  0.2994E+00  0.3396E+00  0.3527E+00  0.3524E+00  0.3484E+00  0.3441E+00
  0.3093E+00  0.2974E+00  0.2607E+00  0.3210E+00  0.3647E+00  0.3783E+00
  0.3786E+00  0.3745E+00  0.3609E+00  0.3262E+00  0.3141E+00  0.2766E+00
  0.3362E+00  0.3843E+00  0.3944E+00  0.4006E+00  0.3931E+00  0.3767E+00
  0.3404E+00  0.3278E+00  0.2893E+00  0.3452E+00  0.3516E+00  0.3790E+00
  0.1996E+00  0.3844E+00  0.3906E+00  0.3790E+00  0.3399E+00  0.2979E+00
