  0.4477E+00  0.3239E+00  0.3873E+00  0.3027E+00  0.3669E+00  0.2778E+00
  0.3310E+00  0.2045E+00  0.1605E+00  0.3711E+00  0.3861E+00  0.3378E+00
  0.3644E+00  0.3141E+00  0.3414E+00  0.2767E+00  0.2929E+00  0.1224E+00
  0.4571E+00  0.3825E+00  0.4176E+00  0.3604E+00  0.3857E+00  0.3140E+00
  0.3057E+00  0.1962E+00  0.1475E+00  0.3680E+00  0.4201E+00  0.3618E+00
  0.3896E+00  0.3316E+00  0.3559E+00  0.2759E+00  0.2814E+00  0.1077E+00
  0.4288E+00  0.3551E+00  0.3899E+00  0.3336E+00  0.3646E+00  0.2962E+00
  0.2887E+00  0.1688E+00  0.1305E+00  0.3191E+00  0.3714E+00  0.3254E+00
  0.3507E+00  0.3062E+00  0.3105E+00  0.2482E+00  0.2560E+00  0.9042E-01
  0.3537E+00  0.2497E+00  0.3323E+00  0.2253E+00  0.3102E+00  0.1738E+00
  0.2557E+00  0.4017E-01  0.1147E+00  0.1507E+00  0.1607E+00  0.1133E+00
  0.1156E+00  0.1126E+00  0.1350E+00  0.9064E-01  0.1148E+00  0.1802E-02
