  0.8995E-02  0.5807E-02  0.5350E-02  0.5161E-02  0.5090E-02  0.5168E-02
  0.5364E-02  0.5907E-02  0.9227E-02
  0.1859E+00  0.2141E+00  0.2202E+00  0.2218E+00  0.2228E+00  0.2222E+00
  0.2207E+00  0.2142E+00  0.1866E+00
  0.2414E+00  0.2799E+00  0.2879E+00  0.2889E+00  0.2902E+00  0.2902E+00
  0.2884E+00  0.2788E+00  0.2432E+00
  0.2766E+00  0.3203E+00  0.3303E+00  0.3308E+00  0.3316E+00  0.3317E+00
  0.3308E+00  0.3199E+00  0.2783E+00
  0.3057E+00  0.3518E+00  0.3636E+00  0.3650E+00  0.3650E+00  0.3659E+00
  0.3641E+00  0.3494E+00  0.3067E+00
  0.3288E+00  0.3773E+00  0.3910E+00  0.3932E+00  0.3947E+00  0.3945E+00
  0.3921E+00  0.3757E+00  0.3296E+00
  0.3482E+00  0.3991E+00  0.4147E+00  0.4189E+00  0.4201E+00  0.4207E+00
  0.4164E+00  0.3981E+00  0.3493E+00
  0.3658E+00  0.4181E+00  0.4352E+00  0.4394E+00  0.4413E+00  0.4411E+00
  0.4370E+00  0.4192E+00  0.3666E+00
  0.9453E+00  0.1012E+01  0.1007E+01  0.9937E+00  0.9869E+00  0.9890E+00
  0.9998E+00  0.1002E+01  0.9453E+00
  0.1321E+01  0.1297E+01  0.1310E+01  0.1308E+01  0.1312E+01  0.1314E+01
  0.1308E+01  0.1298E+01  0.1326E+01
  0.1479E+01  0.1444E+01  0.1454E+01  0.1455E+01  0.1453E+01  0.1457E+01
  0.1451E+01  0.1448E+01  0.1483E+01
  0.1617E+01  0.1572E+01  0.1582E+01  0.1587E+01  0.1582E+01  0.1589E+01
  0.1583E+01  0.1573E+01  0.1614E+01
  0.1725E+01  0.1683E+01  0.1695E+01  0.1701E+01  0.1705E+01  0.1702E+01
  0.1697E+01  0.1683E+01  0.1730E+01
  0.1819E+01  0.1778E+01  0.1795E+01  0.1800E+01  0.1804E+01  0.1804E+01
  0.1798E+01  0.1777E+01  0.1826E+01
  0.1902E+01  0.1854E+01  0.1879E+01  0.1883E+01  0.1888E+01  0.1881E+01
  0.1870E+01  0.1851E+01  0.1904E+01
  0.1984E+01  0.1919E+01  0.1940E+01  0.1951E+01  0.1957E+01  0.1951E+01
  0.1943E+01  0.1918E+01  0.1987E+01
  0.1920E+03  0.1900E+03  0.1926E+03  0.2017E+03  0.2694E+03  0.3374E+03
  0.3473E+03  0.3497E+03  0.3477E+03
  0.1220E+03  0.1005E+03  0.9504E+02  0.9213E+02  0.8945E+02  0.8747E+02
  0.8461E+02  0.7903E+02  0.5786E+02
  0.1228E+03  0.1014E+03  0.9605E+02  0.9271E+02  0.8959E+02  0.8682E+02
  0.8369E+02  0.7813E+02  0.5703E+02
  0.1229E+03  0.1022E+03  0.9655E+02  0.9290E+02  0.8962E+02  0.8657E+02
  0.8321E+02  0.7749E+02  0.5683E+02
  0.1225E+03  0.1025E+03  0.9656E+02  0.9288E+02  0.8954E+02  0.8654E+02
  0.8297E+02  0.7680E+02  0.5729E+02
  0.1221E+03  0.1031E+03  0.9687E+02  0.9313E+02  0.8961E+02  0.8626E+02
  0.8253E+02  0.7631E+02  0.5783E+02
  0.1216E+03  0.1036E+03  0.9734E+02  0.9323E+02  0.8963E+02  0.8618E+02
  0.8209E+02  0.7594E+02  0.5826E+02
  0.1208E+03  0.1040E+03  0.9796E+02  0.9353E+02  0.8968E+02  0.8593E+02
  0.8169E+02  0.7580E+02  0.5928E+02
